# Created by Octave 2.1.73, Fri Sep 07 13:49:30 2007 CEST <paul@debian>
# name: displaySPD
# type: matrix
# rows: 361
# columns: 3
 0 0 0
 0 0 0
 0 0 0
 0 0 0
 0 0 0
 0 0 0
 0 0 0
 0 0 0
 0 0 0
 0 0 0
 0 0 0
 0 0 0
 0 0 0
 0 0 0
 0 0 0
 0 0 0
 0 0 0
 0 0 0
 0 0 0
 0 0 0
 6.232e-06 1.606e-06 9.948e-05
 4.904e-06 1.8595e-06 0.00010674
 3.576e-06 2.113e-06 0.000114
 4.835e-06 2.4545e-06 0.0001204
 6.094e-06 2.796e-06 0.0001268
 4.2575e-06 3.4805e-06 0.00013605
 2.421e-06 4.165e-06 0.0001453
 2.3855e-06 3.471e-06 0.0001543
 2.35e-06 2.777e-06 0.0001633
 2.211e-06 4.0825e-06 0.00017395
 2.072e-06 5.388e-06 0.0001846
 3.357e-06 4.2795e-06 0.0001978
 4.642e-06 3.171e-06 0.000211
 2.9685e-06 4.003e-06 0.0002252
 1.295e-06 4.835e-06 0.0002394
 1.8905e-06 5.7695e-06 0.0002601
 2.486e-06 6.704e-06 0.0002808
 2.968e-06 7.6925e-06 0.00030115
 3.45e-06 8.681e-06 0.0003215
 4.086e-06 8.268e-06 0.0003448
 4.722e-06 7.855e-06 0.0003681
 4.0215e-06 9.3575e-06 0.0003966
 3.321e-06 1.086e-05 0.0004251
 3.626e-06 1.112e-05 0.00045475
 3.931e-06 1.138e-05 0.0004844
 4.211e-06 1.2795e-05 0.00052185
 4.491e-06 1.421e-05 0.0005593
 4.7385e-06 1.497e-05 0.00059485
 4.986e-06 1.573e-05 0.0006304
 6.378e-06 1.67e-05 0.00067345
 7.77e-06 1.767e-05 0.0007165
 6.984e-06 1.756e-05 0.0007633
 6.198e-06 1.745e-05 0.0008101
 7.042e-06 1.8495e-05 0.0008563
 7.886e-06 1.954e-05 0.0009025
 6.7055e-06 2.242e-05 0.00095725
 5.525e-06 2.53e-05 0.001012
 6.7185e-06 2.513e-05 0.001054
 7.912e-06 2.496e-05 0.001096
 9.076e-06 2.7165e-05 0.0011395
 1.024e-05 2.937e-05 0.001183
 9.178e-06 2.979e-05 0.0012235
 8.116e-06 3.021e-05 0.001264
 9.0575e-06 3.1565e-05 0.001297
 9.999e-06 3.292e-05 0.00133
 1.16795e-05 3.4705e-05 0.0013685
 1.336e-05 3.649e-05 0.001407
 1.2145e-05 3.75e-05 0.001441
 1.093e-05 3.851e-05 0.001475
 1.1425e-05 4.002e-05 0.001503
 1.192e-05 4.153e-05 0.001531
 1.2215e-05 4.315e-05 0.0015655
 1.251e-05 4.477e-05 0.0016
 1.2385e-05 4.659e-05 0.001628
 1.226e-05 4.841e-05 0.001656
 1.2625e-05 4.973e-05 0.001673
 1.299e-05 5.105e-05 0.00169
 1.315e-05 5.255e-05 0.0017
 1.331e-05 5.405e-05 0.00171
 1.38e-05 5.454e-05 0.001709
 1.429e-05 5.503e-05 0.001708
 1.3e-05 5.684e-05 0.001697
 1.171e-05 5.865e-05 0.001686
 1.2445e-05 6.0235e-05 0.001677
 1.318e-05 6.182e-05 0.001668
 1.293e-05 6.3875e-05 0.0016475
 1.268e-05 6.593e-05 0.001627
 1.279e-05 6.834e-05 0.0016105
 1.29e-05 7.075e-05 0.001594
 1.261e-05 7.2715e-05 0.0015735
 1.232e-05 7.468e-05 0.001553
 1.287e-05 7.712e-05 0.001528
 1.342e-05 7.956e-05 0.001503
 1.353e-05 8.3265e-05 0.0014815
 1.364e-05 8.697e-05 0.00146
 1.7845e-05 9.19e-05 0.0014325
 2.205e-05 9.683e-05 0.001405
 2.649e-05 0.000101815 0.0013755
 3.093e-05 0.0001068 0.001346
 2.936e-05 0.00011295 0.0013145
 2.779e-05 0.0001191 0.001283
 2.326e-05 0.0001267 0.0012465
 1.873e-05 0.0001343 0.00121
 1.885e-05 0.00014205 0.001176
 1.897e-05 0.0001498 0.001142
 1.891e-05 0.0001603 0.001104
 1.885e-05 0.0001708 0.001066
 1.6825e-05 0.00018195 0.0010314
 1.48e-05 0.0001931 0.0009968
 1.3895e-05 0.00020545 0.0009602
 1.299e-05 0.0002178 0.0009236
 1.1094e-05 0.00023355 0.0008852
 9.198e-06 0.0002493 0.0008468
 9.5165e-06 0.0002647 0.0008192
 9.835e-06 0.0002801 0.0007916
 1.26075e-05 0.0002975 0.0007598
 1.538e-05 0.0003149 0.000728
 1.89e-05 0.00033465 0.0007003
 2.242e-05 0.0003544 0.0006726
 2.2585e-05 0.00037575 0.00065145
 2.275e-05 0.0003971 0.0006303
 2.322e-05 0.00042395 0.0006044
 2.369e-05 0.0004508 0.0005785
 2.843e-05 0.0004761 0.00055915
 3.317e-05 0.0005014 0.0005398
 3.7815e-05 0.0005288 0.00052025
 4.246e-05 0.0005562 0.0005007
 4.081e-05 0.00058595 0.0004783
 3.916e-05 0.0006157 0.0004559
 3.172e-05 0.0006419 0.0004386
 2.428e-05 0.0006681 0.0004213
 2.028e-05 0.0006964 0.0004021
 1.628e-05 0.0007247 0.0003829
 1.3715e-05 0.0007503 0.0003644
 1.115e-05 0.0007759 0.0003459
 1.0745e-05 0.0008015 0.00033225
 1.034e-05 0.0008271 0.0003186
 1.2425e-05 0.0008538 0.0003024
 1.451e-05 0.0008805 0.0002862
 2.252e-05 0.00090275 0.0002738
 3.053e-05 0.000925 0.0002614
 4.2705e-05 0.0009493 0.0002502
 5.488e-05 0.0009736 0.000239
 5.9325e-05 0.0009983 0.000227
 6.377e-05 0.001023 0.000215
 5.479e-05 0.0010445 0.00020725
 4.581e-05 0.001066 0.0001995
 3.505e-05 0.0010875 0.0001912
 2.429e-05 0.001109 0.0001829
 1.9405e-05 0.001128 0.00017395
 1.452e-05 0.001147 0.000165
 1.3345e-05 0.0011625 0.00015835
 1.217e-05 0.001178 0.0001517
 1.16e-05 0.001193 0.0001454
 1.103e-05 0.001208 0.0001391
 1.285e-05 0.0012175 0.0001327
 1.467e-05 0.001227 0.0001263
 1.58e-05 0.0012355 0.0001215
 1.693e-05 0.001244 0.0001167
 1.734e-05 0.0012495 0.00011135
 1.775e-05 0.001255 0.000106
 1.955e-05 0.0012555 0.00010163
 2.135e-05 0.001256 9.726e-05
 2.4555e-05 0.0012565 9.2665e-05
 2.776e-05 0.001257 8.807e-05
 5.419e-05 0.001254 8.556e-05
 8.062e-05 0.001251 8.305e-05
 0.00011556 0.0012465 7.957e-05
 0.0001505 0.001242 7.609e-05
 0.000157 0.001236 7.3705e-05
 0.0001635 0.00123 7.132e-05
 0.0001338 0.0012205 6.786e-05
 0.0001041 0.001211 6.44e-05
 8.0745e-05 0.0012015 6.1755e-05
 5.739e-05 0.001192 5.911e-05
 4.7485e-05 0.001182 5.6975e-05
 3.758e-05 0.001172 5.484e-05
 3.1785e-05 0.0011595 5.245e-05
 2.599e-05 0.001147 5.006e-05
 2.433e-05 0.0011355 4.8565e-05
 2.267e-05 0.001124 4.707e-05
 2.596e-05 0.001111 4.518e-05
 2.925e-05 0.001098 4.329e-05
 4.447e-05 0.001086 4.1665e-05
 5.969e-05 0.001074 4.004e-05
 6.6285e-05 0.001061 3.9625e-05
 7.288e-05 0.001048 3.921e-05
 6.3965e-05 0.0010305 3.8015e-05
 5.505e-05 0.001013 3.682e-05
 4.16e-05 0.000996 3.4345e-05
 2.815e-05 0.000979 3.187e-05
 2.718e-05 0.0009609 3.117e-05
 2.621e-05 0.0009428 3.047e-05
 2.924e-05 0.00092165 2.921e-05
 3.227e-05 0.0009005 2.795e-05
 3.359e-05 0.00087995 2.758e-05
 3.491e-05 0.0008594 2.721e-05
 3.2115e-05 0.0008358 2.64e-05
 2.932e-05 0.0008122 2.559e-05
 2.7055e-05 0.0007823 2.4235e-05
 2.479e-05 0.0007524 2.288e-05
 2.4905e-05 0.00073055 2.1625e-05
 2.502e-05 0.0007087 2.037e-05
 2.437e-05 0.00068565 1.9305e-05
 2.372e-05 0.0006626 1.824e-05
 2.309e-05 0.00064085 1.7785e-05
 2.246e-05 0.0006191 1.733e-05
 2.443e-05 0.0006017 1.6365e-05
 2.64e-05 0.0005843 1.54e-05
 4.0805e-05 0.000564 1.5195e-05
 5.521e-05 0.0005437 1.499e-05
 7.9905e-05 0.0005256 1.4755e-05
 0.0001046 0.0005075 1.452e-05
 0.00013565 0.0004919 1.479e-05
 0.0001667 0.0004763 1.506e-05
 0.00020905 0.00045995 1.589e-05
 0.0002514 0.0004436 1.672e-05
 0.0002674 0.00042905 1.615e-05
 0.0002834 0.0004145 1.558e-05
 0.00024585 0.0004023 1.4605e-05
 0.0002083 0.0003901 1.363e-05
 0.0002092 0.00037555 1.293e-05
 0.0002101 0.000361 1.223e-05
 0.00030455 0.0003528 1.369e-05
 0.000399 0.0003446 1.515e-05
 0.00042865 0.0003358 1.5805e-05
 0.0004583 0.000327 1.646e-05
 0.00036795 0.00031375 1.4855e-05
 0.0002776 0.0003005 1.325e-05
 0.0001922 0.0002887 1.0591e-05
 0.0001068 0.0002769 7.932e-06
 8.8685e-05 0.00026745 8.0175e-06
 7.057e-05 0.000258 8.103e-06
 7.399e-05 0.00024885 7.407e-06
 7.741e-05 0.0002397 6.711e-06
 8.5975e-05 0.00023135 7.2485e-06
 9.454e-05 0.000223 7.786e-06
 0.00010212 0.00021575 8.0935e-06
 0.0001097 0.0002085 8.401e-06
 0.00012195 0.00019855 8.3845e-06
 0.0001342 0.0001886 8.368e-06
 0.00015755 0.0001826 8.4025e-06
 0.0001809 0.0001766 8.437e-06
 0.00034405 0.00017385 1.05435e-05
 0.0005072 0.0001711 1.265e-05
 0.0007571 0.0001689 1.7645e-05
 0.001007 0.0001667 2.264e-05
 0.00100345 0.0001622 2.236e-05
 0.0009999 0.0001577 2.208e-05
 0.0008228 0.00014915 1.8315e-05
 0.0006457 0.0001406 1.455e-05
 0.0007098 0.0001359 1.563e-05
 0.0007739 0.0001312 1.671e-05
 0.00138395 0.00014105 2.8335e-05
 0.001994 0.0001509 3.996e-05
 0.0024975 0.00015635 4.9585e-05
 0.003001 0.0001618 5.921e-05
 0.002784 0.0001524 5.408e-05
 0.002567 0.000143 4.895e-05
 0.001911 0.0001261 3.677e-05
 0.001255 0.0001092 2.459e-05
 0.0009126 9.831e-05 1.8765e-05
 0.0005702 8.742e-05 1.294e-05
 0.0004216 8.098e-05 9.443e-06
 0.000273 7.454e-05 5.946e-06
 0.0002053 7.068e-05 4.7035e-06
 0.0001376 6.682e-05 3.461e-06
 0.000107885 6.4085e-05 3.331e-06
