# Created by Octave 2.1.73, Fri Sep 07 14:14:53 2007 CEST <paul@debian>
# name: gammaTable
# type: matrix
# rows: 256
# columns: 3
 0 0 0
 0 0 0
 0 0 0
 0 3.805849e-05 2.285106e-05
 1.26546e-05 0 0
 0 0 0
 0 0 0
 0 0 0
 0 1.317409e-05 0
 5.483659e-05 5.269637e-05 0
 0.0001012368 7.611698e-05 0
 4.218199e-06 0 0
 7.592758e-05 0 0
 0 1.902925e-05 0
 0 1.463788e-05 0
 0 0 0
 0 0 0
 0 0 0
 0 1.756546e-05 0
 0 4.244985e-05 0
 7.170938e-05 0 0
 4.218199e-06 7.31894e-06 0
 3.658704e-20 2.48844e-05 0
 3.796379e-05 7.31894e-05 0
 0 7.026183e-05 0
 0 2.48844e-05 0
 0 2.781197e-05 0
 9.701858e-05 9.80738e-05 0
 0 7.904456e-05 1.958662e-05
 0 0.000103929 9.793312e-06
 4.218199e-06 0.0001785821 7.671428e-05
 0 0.0001697994 9.956534e-05
 0.0001434188 0.0001976114 8.161093e-05
 5.061839e-05 0.0002766559 0.000156693
 0.0001856008 0.0003352075 0.0002350395
 0.0001518552 0.0004098607 0.0002872705
 0.0001307642 0.0005020793 0.0003035927
 0.0001982554 0.0005679498 0.0003835714
 0.0002066918 0.0006513857 0.0005272066
 0.0004218199 0.0008116705 0.0006447264
 0.0004218199 0.0009075486 0.0008161093
 0.0004977475 0.001115407 0.0008438571
 0.0004218199 0.001239829 0.001052781
 0.0004724383 0.001397918 0.00125028
 0.0007255302 0.001649689 0.001583252
 0.0006917846 0.001831199 0.001730152
 0.0008352034 0.002159087 0.001960295
 0.000932222 0.002328887 0.00234713
 0.001117823 0.002809009 0.002747024
 0.001413097 0.003174956 0.003190988
 0.00156917 0.003571643 0.00347989
 0.001699934 0.003952228 0.003905899
 0.001965681 0.004382582 0.004336805
 0.0022019 0.00486124 0.004994589
 0.00241281 0.005439437 0.005345516
 0.002767139 0.005861007 0.006053899
 0.002944303 0.006459697 0.006610486
 0.003361905 0.007135967 0.007134428
 0.003889179 0.007803454 0.007857501
 0.004336309 0.008432883 0.008578941
 0.004597837 0.009098907 0.009323233
 0.005099803 0.009786887 0.01014914
 0.005698787 0.01053927 0.01096361
 0.006175443 0.01138534 0.01190214
 0.007090793 0.01256955 0.01307897
 0.007774141 0.01338927 0.01398975
 0.008748545 0.01430414 0.01493154
 0.009132401 0.01516338 0.01603328
 0.009946513 0.01620706 0.01720359
 0.01079859 0.01732686 0.01841306
 0.01137226 0.01835444 0.01931568
 0.01256601 0.01959427 0.02059534
 0.01329155 0.02078579 0.022017
 0.01432079 0.02189827 0.02329176
 0.01528675 0.02323617 0.02448654
 0.01641301 0.02444233 0.0259229
 0.01718072 0.026376 0.02732008
 0.01828167 0.02738601 0.02938483
 0.01983819 0.0289669 0.03056003
 0.02054263 0.03034286 0.03235547
 0.02274875 0.03207013 0.03452632
 0.02424621 0.03382668 0.0364197
 0.02538512 0.03524655 0.0379703
 0.0264692 0.03695919 0.03971678
 0.02810586 0.0386279 0.04161015
 0.02954005 0.04028198 0.04347088
 0.03116827 0.04190679 0.04533161
 0.03274588 0.04383899 0.04732292
 0.03420116 0.04566872 0.04926526
 0.03594327 0.04754237 0.05146875
 0.03777397 0.04943066 0.05350903
 0.03946547 0.05136286 0.05535343
 0.04068453 0.0535439 0.05775279
 0.04306359 0.05543219 0.05979307
 0.04453153 0.05743758 0.06196392
 0.04654783 0.05961862 0.06451018
 0.05031468 0.06206315 0.06650149
 0.05205679 0.06414173 0.06893349
 0.05441477 0.06651307 0.07123492
 0.05598816 0.06891368 0.07369957
 0.05863297 0.07138748 0.07618054
 0.06053537 0.07378809 0.07864519
 0.06245044 0.07610088 0.08140364
 0.06516274 0.07867715 0.08406416
 0.06729715 0.08118022 0.08669203
 0.06960872 0.08382968 0.08925461
 0.07317732 0.08623029 0.09173559
 0.07528642 0.08907004 0.09482048
 0.07752206 0.09160239 0.09761157
 0.08055916 0.09435432 0.1007781
 0.08228863 0.09722334 0.1035202
 0.08532573 0.1000045 0.1066377
 0.08912211 0.1034298 0.1111753
 0.09207485 0.1064745 0.114505
 0.09502759 0.1098851 0.1173777
 0.09806469 0.1126224 0.1204953
 0.1014814 0.1157842 0.1236128
 0.1033374 0.1187703 0.1267467
 0.1066276 0.1222834 0.1305661
 0.1097491 0.125211 0.134157
 0.1127018 0.1286216 0.1370786
 0.1156968 0.1320029 0.1406858
 0.1186495 0.1352818 0.1440972
 0.1223615 0.1385168 0.1477207
 0.1262001 0.1423519 0.1509198
 0.1293215 0.1456894 0.1549025
 0.1326117 0.1492317 0.1582975
 0.1363238 0.1524228 0.1620026
 0.1422714 0.1564336 0.1675848
 0.145182 0.1607078 0.1712573
 0.1524373 0.1641038 0.175093
 0.1520155 0.1682756 0.1791083
 0.1562337 0.1723596 0.1825522
 0.1599035 0.1757702 0.186845
 0.1630671 0.1793272 0.191252
 0.1679181 0.1834697 0.1949245
 0.1712504 0.1875976 0.1992335
 0.1752577 0.1919304 0.2026775
 0.1787167 0.1956924 0.2073783
 0.1823865 0.1997471 0.2115078
 0.1866047 0.2040213 0.2154578
 0.191076 0.2081931 0.2198974
 0.1944505 0.212482 0.2249736
 0.1990062 0.2166099 0.2285808
 0.2053335 0.2223919 0.2362522
 0.2102266 0.2266076 0.2411162
 0.2152884 0.2305305 0.2451152
 0.2187895 0.2349219 0.2499139
 0.2231765 0.2397817 0.254174
 0.2271416 0.2445097 0.2591686
 0.23233 0.2491792 0.2636245
 0.2366325 0.2572739 0.2685375
 0.24161 0.259616 0.2734178
 0.2455751 0.2648856 0.2781513
 0.2501308 0.2694234 0.2870469
 0.2548551 0.2741075 0.2904745
 0.2599592 0.2795235 0.2945551
 0.2646836 0.2847931 0.2999414
 0.2697454 0.28977 0.3048381
 0.2748494 0.2943078 0.3100612
 0.2832858 0.3000165 0.3144681
 0.2881367 0.304847 0.3198545
 0.2934938 0.3105558 0.3244247
 0.2976699 0.3156791 0.3306271
 0.3029426 0.3213878 0.3353605
 0.3086794 0.3263647 0.3394411
 0.3139099 0.3313416 0.34597
 0.319478 0.3376359 0.3511931
 0.3243711 0.3424664 0.3573955
 0.3298125 0.3481752 0.3622922
 0.3355915 0.3541767 0.367352
 0.341286 0.3594463 0.3733912
 0.3463057 0.3650087 0.379104
 0.3520003 0.3707175 0.3851432
 0.3581588 0.3774509 0.3905295
 0.3641909 0.3819887 0.3964055
 0.3720789 0.3896004 0.4044034
 0.3787437 0.3963338 0.4114219
 0.3832993 0.4020426 0.4171347
 0.3905968 0.4084832 0.422521
 0.3959961 0.4138993 0.4279073
 0.403167 0.4204863 0.4344362
 0.4086085 0.4267806 0.440149
 0.4148514 0.4326357 0.4471675
 0.4212209 0.4392228 0.4523906
 0.4270842 0.4449316 0.4587563
 0.4330319 0.4523969 0.4651219
 0.4388108 0.458252 0.4714876
 0.4445897 0.4639608 0.4780165
 0.4512545 0.4702551 0.4830763
 0.4577083 0.477574 0.4907478
 0.4643731 0.4832828 0.4956444
 0.4753404 0.4911873 0.50707
 0.4812459 0.4980671 0.5137621
 0.4888386 0.5046541 0.5184955
 0.4951659 0.5115339 0.5258405
 0.5023791 0.5173891 0.5320429
 0.5088751 0.5245616 0.5390614
 0.5152868 0.5315878 0.5451007
 0.5212344 0.5389068 0.5522824
 0.5288694 0.5453474 0.5594642
 0.5368839 0.5529591 0.5666459
 0.5432112 0.5593998 0.5730116
 0.5497916 0.5665723 0.5798669
 0.5569204 0.5733058 0.5875383
 0.5654833 0.5812102 0.595373
 0.5711779 0.5885292 0.6025547
 0.5784332 0.5964336 0.6089204
 0.5902441 0.60507 0.6201827
 0.5988071 0.6123889 0.6262219
 0.6038268 0.6192687 0.6332405
 0.6120944 0.6274659 0.6399326
 0.6202355 0.6349313 0.6487465
 0.6278705 0.6428357 0.6546225
 0.6358851 0.650301 0.6629468
 0.6443215 0.6584982 0.670455
 0.6521251 0.6652317 0.6773104
 0.6584102 0.6737216 0.6854715
 0.6668466 0.6819189 0.6920003
 0.6727521 0.6892378 0.699835
 0.6827493 0.697435 0.7076696
 0.6906795 0.705925 0.7156675
 0.6982722 0.7126584 0.7221964
 0.7062024 0.7205629 0.7301943
 0.7300353 0.7300775 0.7378657
 0.7321444 0.7371037 0.7463532
 0.7393153 0.7461791 0.7528821
 0.7507044 0.7536445 0.7605535
 0.7553445 0.7619881 0.7692043
 0.763359 0.7703317 0.7762228
 0.7726391 0.7775042 0.7847104
 0.7806537 0.7867261 0.7936876
 0.7886682 0.7949233 0.8008693
 0.7983701 0.8042915 0.8093569
 0.8068065 0.8120496 0.8181708
 0.8139774 0.821857 0.8250262
 0.8232575 0.8299078 0.8333505
 0.8321157 0.8385442 0.841838
 0.8401303 0.8467414 0.8501623
 0.8485667 0.8561096 0.8586499
 0.8599558 0.8629894 0.8692593
 0.8709231 0.873236 0.8780733
 0.8802031 0.8801158 0.8863976
 0.8869523 0.8900695 0.8952116
 0.8966541 0.8994378 0.9033727
 0.9059342 0.908806 0.9113705
 0.9143706 0.9175887 0.9210006
 0.9232288 0.9271034 0.9296514
 0.9350397 0.9361788 0.9387918
 0.9417889 0.9452543 0.9464632
 0.9506471 0.9549153 0.9560933
 0.9620362 0.9636981 0.9645809
 0.9713162 0.9739446 0.9737213
 0.978909 0.9819954 0.9822088
 0.9886109 0.9904854 0.991186
 1 1 1
