# Created by Octave 2.1.73, Fri Sep 07 14:15:07 2007 CEST <paul@debian>
# name: invGamma
# type: matrix
# rows: 1024
# columns: 3
 31 20 27
 47 40 42
 52 45 46
 56 48 48
 58 51 51
 61 53 53
 62 55 55
 64 57 56
 65 58 58
 66 60 59
 68 61 61
 69 62 62
 70 63 63
 71 64 64
 72 65 65
 73 66 66
 74 67 67
 75 68 67
 76 69 68
 77 70 69
 78 71 70
 79 72 71
 79 73 72
 80 73 72
 80 74 73
 81 75 74
 82 76 75
 83 76 75
 84 77 76
 84 78 76
 85 78 77
 85 79 78
 86 80 78
 87 80 79
 87 81 79
 88 81 80
 89 82 80
 89 83 81
 90 83 81
 90 84 82
 91 84 83
 92 85 83
 92 85 84
 93 86 84
 93 87 85
 94 87 85
 94 88 86
 95 88 86
 95 89 87
 95 89 87
 96 90 88
 96 90 88
 96 91 89
 97 91 89
 97 92 90
 98 92 90
 98 93 91
 99 93 91
 99 94 92
 100 94 92
 100 95 92
 101 95 93
 101 95 93
 102 96 94
 102 96 94
 102 97 95
 103 97 95
 103 98 95
 104 98 96
 104 98 96
 104 99 97
 105 99 97
 105 100 98
 105 100 98
 106 100 98
 106 101 99
 107 101 99
 107 102 100
 107 102 100
 108 102 100
 108 103 101
 109 103 101
 109 104 102
 109 104 102
 110 104 102
 110 105 103
 111 105 103
 111 106 103
 111 106 104
 111 106 104
 112 107 105
 112 107 105
 112 107 105
 113 108 106
 113 108 106
 113 108 106
 114 109 107
 114 109 107
 114 110 107
 115 110 108
 115 110 108
 115 111 108
 115 111 109
 116 111 109
 116 111 109
 117 112 110
 117 112 110
 117 112 110
 118 113 111
 118 113 111
 118 113 111
 119 114 111
 119 114 112
 119 114 112
 120 115 112
 120 115 112
 120 115 113
 121 116 113
 121 116 113
 121 116 114
 122 117 114
 122 117 114
 122 117 115
 122 117 115
 123 118 115
 123 118 116
 123 118 116
 123 119 116
 124 119 116
 124 119 117
 124 120 117
 125 120 117
 125 120 118
 125 120 118
 126 121 118
 126 121 118
 126 121 119
 126 122 119
 127 122 119
 127 122 120
 127 122 120
 127 123 120
 127 123 120
 128 123 121
 128 124 121
 128 124 121
 128 124 122
 128 124 122
 129 125 122
 129 125 122
 129 125 123
 130 126 123
 130 126 123
 130 126 124
 131 126 124
 131 127 124
 130 127 124
 131 127 125
 131 128 125
 132 128 125
 132 128 125
 132 128 126
 133 128 126
 133 129 126
 133 129 127
 133 129 127
 134 129 127
 134 130 127
 134 130 127
 134 130 128
 135 130 128
 135 131 128
 135 131 128
 135 131 128
 136 131 129
 136 132 129
 136 132 129
 136 132 129
 137 132 130
 137 133 130
 137 133 130
 137 133 130
 138 134 131
 138 134 131
 138 134 131
 139 134 132
 139 135 132
 139 135 132
 139 135 132
 140 135 133
 140 136 133
 140 136 133
 140 136 133
 140 136 133
 141 136 134
 141 137 134
 141 137 134
 141 137 134
 142 137 135
 142 138 135
 142 138 135
 142 138 135
 143 138 136
 143 139 136
 143 139 136
 143 139 136
 143 139 137
 144 140 137
 144 140 137
 144 140 137
 144 140 138
 144 141 138
 144 141 138
 145 141 138
 145 141 138
 145 141 139
 145 142 139
 145 142 139
 146 142 139
 146 142 140
 146 143 140
 146 143 140
 146 143 140
 147 143 141
 147 143 141
 147 144 141
 147 144 141
 148 144 141
 148 144 142
 148 144 142
 148 145 142
 149 145 142
 149 145 143
 149 145 143
 149 146 143
 149 146 143
 150 146 143
 150 146 143
 150 146 144
 150 147 144
 151 147 144
 151 147 144
 151 147 144
 151 148 144
 151 148 144
 152 148 145
 152 148 145
 152 148 145
 152 149 145
 152 149 146
 153 149 146
 153 149 146
 153 149 146
 153 150 146
 154 150 147
 154 150 147
 154 150 147
 154 150 147
 154 150 148
 155 150 148
 155 151 148
 155 151 148
 155 151 148
 155 151 149
 156 151 149
 156 152 149
 156 152 149
 156 152 149
 156 152 150
 157 153 150
 157 153 150
 157 153 150
 157 153 150
 157 153 151
 158 154 151
 158 154 151
 158 154 151
 158 154 151
 158 154 152
 159 155 152
 159 155 152
 159 155 152
 159 155 152
 159 155 153
 159 156 153
 159 156 153
 160 156 153
 160 156 153
 160 156 153
 160 157 153
 160 157 154
 160 157 154
 160 157 154
 161 157 154
 161 158 154
 161 158 154
 161 158 155
 161 158 155
 162 158 155
 162 159 155
 162 159 156
 162 159 156
 162 159 156
 163 159 156
 163 160 156
 163 160 157
 163 160 157
 163 160 157
 164 160 157
 164 160 157
 164 161 158
 164 161 158
 164 161 158
 165 161 158
 165 161 158
 165 162 159
 165 162 159
 165 162 159
 165 162 159
 166 162 159
 166 162 160
 166 163 160
 166 163 160
 166 163 160
 167 163 160
 167 163 161
 167 164 161
 167 164 161
 167 164 161
 167 164 161
 168 164 162
 168 164 162
 168 165 162
 168 165 162
 168 165 162
 169 165 162
 169 165 163
 169 166 163
 169 166 163
 169 166 163
 169 166 163
 170 166 164
 170 166 164
 170 167 164
 170 167 164
 170 167 164
 170 167 165
 171 167 165
 171 168 165
 171 168 165
 171 168 165
 171 168 166
 172 168 166
 172 168 166
 172 169 166
 172 169 166
 172 169 166
 172 169 167
 173 169 167
 173 169 167
 173 170 167
 173 170 167
 173 170 167
 173 170 168
 174 170 168
 174 170 168
 174 171 168
 174 171 168
 174 171 168
 174 171 169
 175 171 169
 175 172 169
 175 172 169
 175 172 169
 175 172 170
 175 172 170
 175 172 170
 176 173 170
 176 173 170
 176 173 171
 176 173 171
 176 173 171
 176 173 171
 176 174 171
 176 174 171
 177 174 172
 177 174 172
 177 174 172
 177 174 172
 177 175 172
 178 175 172
 178 175 173
 178 175 173
 178 175 173
 178 175 173
 178 176 173
 179 176 173
 179 176 174
 179 176 174
 179 176 174
 179 176 174
 179 176 174
 179 176 174
 180 177 175
 180 177 175
 180 177 175
 180 177 175
 180 177 175
 180 177 175
 181 178 175
 181 178 176
 181 178 176
 181 178 176
 181 178 176
 181 178 176
 181 179 176
 182 179 176
 182 179 176
 182 179 177
 182 179 177
 182 179 177
 182 180 177
 183 180 177
 183 180 177
 183 180 178
 183 180 178
 183 180 178
 183 181 178
 184 181 178
 184 181 178
 184 181 179
 184 181 179
 184 181 179
 184 181 179
 185 182 179
 185 182 180
 185 182 180
 185 182 180
 185 182 180
 185 182 180
 186 183 180
 186 183 180
 186 183 181
 186 183 181
 186 183 181
 186 183 181
 187 184 181
 187 184 181
 187 184 182
 187 184 182
 187 184 182
 187 184 182
 188 184 182
 188 185 182
 188 185 183
 188 185 183
 188 185 183
 188 185 183
 188 185 183
 189 186 183
 189 186 183
 189 186 184
 189 186 184
 189 186 184
 189 186 184
 190 186 184
 190 187 184
 190 187 185
 190 187 185
 190 187 185
 190 187 185
 190 187 185
 191 188 185
 191 188 186
 191 188 186
 191 188 186
 191 188 186
 191 188 186
 191 189 186
 191 189 186
 191 189 187
 192 189 187
 192 189 187
 192 189 187
 192 189 187
 192 190 187
 192 190 188
 192 190 188
 192 190 188
 192 190 188
 193 190 188
 193 190 188
 193 191 189
 193 191 189
 193 191 189
 193 191 189
 193 191 189
 194 191 189
 194 191 189
 194 192 190
 194 192 190
 194 192 190
 194 192 190
 194 192 190
 195 192 190
 195 192 191
 195 192 191
 195 193 191
 195 193 191
 195 193 191
 195 193 191
 196 193 191
 196 193 191
 196 194 192
 196 194 192
 196 194 192
 196 194 192
 196 194 192
 197 194 192
 197 194 192
 197 195 192
 197 195 192
 197 195 192
 197 195 193
 198 195 193
 198 195 193
 198 195 193
 198 196 193
 198 196 194
 198 196 194
 198 196 194
 199 196 194
 199 196 194
 199 197 194
 199 197 194
 199 197 195
 199 197 195
 199 197 195
 200 197 195
 200 197 195
 200 197 195
 200 198 195
 200 198 196
 200 198 196
 200 198 196
 200 198 196
 201 198 196
 201 198 196
 201 199 197
 201 199 197
 201 199 197
 201 199 197
 201 199 197
 202 199 197
 202 199 197
 202 200 198
 202 200 198
 202 200 198
 202 200 198
 202 200 198
 203 200 198
 203 200 198
 203 201 199
 203 201 199
 203 201 199
 203 201 199
 203 201 199
 204 201 199
 204 201 199
 204 202 200
 204 202 200
 204 202 200
 204 202 200
 204 202 200
 204 202 200
 205 202 200
 205 203 200
 205 203 201
 205 203 201
 205 203 201
 205 203 201
 205 203 201
 206 203 201
 206 203 202
 206 204 202
 206 204 202
 206 204 202
 206 204 202
 206 204 202
 207 204 202
 207 204 203
 207 205 203
 207 205 203
 207 205 203
 207 205 203
 207 205 203
 207 205 203
 207 205 203
 208 205 204
 208 206 204
 208 206 204
 208 206 204
 208 206 204
 208 206 204
 208 206 204
 208 206 204
 208 206 205
 208 207 205
 208 207 205
 209 207 205
 209 207 205
 209 207 205
 209 207 205
 209 207 206
 209 207 206
 209 208 206
 210 208 206
 210 208 206
 210 208 206
 210 208 206
 210 208 207
